name: morpho_crack_detection
channels:
  - anaconda
  - conda-forge
  - defaults
dependencies:
  - _libgcc_mutex=0.1=conda_forge
  - _openmp_mutex=4.5=1_llvm
  - blas=1.0=openblas
  - bzip2=1.0.8=h7b6447c_0
  - ca-certificates=2020.1.1=0
  - cairo=1.16.0=hcf35c78_1003
  - certifi=2020.4.5.1=py38_0
  - dbus=1.13.14=hb2f20db_0
  - expat=2.2.6=he6710b0_0
  - fastcache=1.1.0=py38h7b6447c_0
  - ffmpeg=4.1.3=h167e202_0
  - fontconfig=2.13.1=h86ecdb6_1001
  - freetype=2.9.1=h8a8886c_1
  - giflib=5.2.1=h516909a_2
  - glib=2.63.1=h5a9c865_0
  - gmp=6.1.2=h6c8ec71_1
  - gmpy2=2.0.8=py38hd5f6e3b_3
  - gnutls=3.6.5=h71b1129_1002
  - graphite2=1.3.13=h23475e2_0
  - gst-plugins-base=1.14.5=h0935bb2_2
  - gstreamer=1.14.5=h36ae1b5_2
  - harfbuzz=2.4.0=h9f30f68_3
  - hdf5=1.10.5=nompi_h3c11f04_1104
  - icu=64.2=he1b5a44_1
  - jasper=1.900.1=hd497a04_4
  - joblib=0.14.1=py_0
  - jpeg=9c=h14c3975_1001
  - lame=3.100=h7b6447c_0
  - ld_impl_linux-64=2.33.1=h53a641e_7
  - libblas=3.8.0=16_openblas
  - libcblas=3.8.0=16_openblas
  - libclang=9.0.1=default_hde54327_0
  - libedit=3.1.20181209=hc058e9b_0
  - libffi=3.2.1=hd88cf55_4
  - libgcc-ng=9.2.0=h24d8f2e_2
  - libgfortran-ng=7.3.0=hdf63c60_0
  - libiconv=1.15=h63c8f33_5
  - liblapack=3.8.0=16_openblas
  - liblapacke=3.8.0=16_openblas
  - libllvm9=9.0.1=hc9558a2_0
  - libopenblas=0.3.9=h5ec1e0e_0
  - libopencv=4.2.0=py38_3
  - libpng=1.6.37=hbc83047_0
  - libstdcxx-ng=9.1.0=hdf63c60_0
  - libtiff=4.1.0=h2733197_0
  - libuuid=2.32.1=h14c3975_1000
  - libwebp=1.0.2=h56121f0_5
  - libxcb=1.13=h1bed415_1
  - libxkbcommon=0.10.0=he1b5a44_0
  - libxml2=2.9.9=hea5a465_1
  - llvm-openmp=9.0.1=hc9558a2_2
  - mpc=1.1.0=h10f8cd9_1
  - mpfr=4.0.1=hdf1c602_3
  - mpmath=1.1.0=py38_0
  - ncurses=6.2=he6710b0_1
  - nettle=3.4.1=hbb512f6_0
  - nspr=4.22=he6710b0_0
  - nss=3.46.1=hab99668_0
  - numpy=1.18.1=py38h94c655d_0
  - numpy-base=1.18.1=py38h2f8d375_1
  - opencv=4.2.0=py38_3
  - openh264=1.8.0=hd408876_0
  - openssl=1.1.1g=h7b6447c_0
  - pcre=8.43=he6710b0_0
  - pip=20.0.2=py38_3
  - pixman=0.38.0=h7b6447c_0
  - py-opencv=4.2.0=py38h23f93f0_3
  - python=3.8.2=hcf32534_0
  - python_abi=3.8=1_cp38
  - qt=5.12.5=hd8c4c69_1
  - readline=8.0=h7b6447c_0
  - scikit-learn=0.22.1=py38h22eb022_0
  - scipy=1.4.1=py38habc2bb6_0
  - setuptools=46.1.3=py38_0
  - sqlite=3.31.1=h62c20be_1
  - swig=3.0.12=h38cdd7d_3
  - sympy=1.5.1=py38_0
  - tk=8.6.8=hbc83047_0
  - wheel=0.34.2=py38_0
  - x264=1!152.20180806=h7b6447c_0
  - xorg-kbproto=1.0.7=h14c3975_1002
  - xorg-libice=1.0.10=h516909a_0
  - xorg-libsm=1.2.3=h84519dc_1000
  - xorg-libx11=1.6.9=h516909a_0
  - xorg-libxext=1.3.4=h516909a_0
  - xorg-libxrender=0.9.10=h516909a_1002
  - xorg-renderproto=0.11.1=h14c3975_1002
  - xorg-xextproto=7.3.0=h14c3975_1002
  - xorg-xproto=7.0.31=h14c3975_1007
  - xz=5.2.5=h7b6447c_0
  - zlib=1.2.11=h7b6447c_3
  - zstd=1.3.7=h0b5b093_0
prefix: /home/sutadasuto/miniconda3/envs/morpho_crack_detection

